1
318
45
49
49
65
65
45
-
2
405
60
62
63
80
80
60
-
3
525
80
82
83
100
100
80
-
4
309
39
52
43
60
50
65
-
5
405
58
64
58
80
65
80
-
6
534
78
84
78
109
85
100
-
7
314
44
48
65
50
64
43
-
8
405
59
63
80
65
80
58
-
9
530
79
83
100
85
105
78
-
10
195
45
30
35
20
20
45
-
11
205
50
20
55
25
25
30
-
12
395
60
45
50
90
80
70
-
13
195
40
35
30
20
20
50
-
14
205
45
25
50
25
25
35
-
15
395
65
90
40
45
80
75
-
16
251
40
45
40
35
35
56
-
17
349
63
60
55
50
50
71
-
18
479
83
80
75
70
70
101
-
19
253
30
56
35
25
35
72
-
19
253
30
56
35
25
35
72
-
20
413
55
81
60
50
70
97
-
20
413
75
71
70
40
80
77
-
21
262
40
60
30
31
31
70
-
22
442
65
90
65
61
61
100
-
23
288
35
60
44
40
54
55
-
24
448
60
95
69
65
79
80
-
25
320
35
55
40
50
50
90
-
25
430
45
80
50
75
60
120
-
26
485
60
90
55
90
80
110
-
26
485
60
85
50
95
85
110
-
27
300
50
75
85
20
30
40
-
27
300
50
75
90
10
35
40
-
28
450
75
100
110
45
55
65
-
28
450
75
100
120
25
65
65
-
29
275
55
47
52
40
40
41
-
30
365
70
62
67
55
55
56
-
31
505
90
92
87
75
85
76
-
32
273
46
57
40
40
40
50
-
33
365
61
72
57
55
55
65
-
34
505
81
102
77
85
75
85
-
35
323
70
45
48
60
65
35
-
36
483
95
70
73
95
90
60
-
37
299
38
41
40
50
65
65
-
37
299
38
41
40
50
65
65
-
38
505
73
76
75
81
100
100
-
38
505
73
67
75
81
100
109
-
39
270
115
45
20
45
25
20
-
40
435
140
70
45
85
50
45
-
41
245
40
45
35
30
40
55
-
42
455
75
80
70
65
75
90
-
43
320
45
50
55
75
65
30
-
44
395
60
65
70
85
75
40
-
45
490
75
80
85
110
90
50
-
46
285
35
70
55
45
55
25
-
47
405
60
95
80
60
80
30
-
48
305
60
55
50
40
55
45
-
49
450
70
65
60
90
75
90
-
50
265
10
55
25
35
45
95
-
50
265
10
55
30
35
45
90
-
51
425
35
100
50
50
70
120
-
51
425
35
100
60
50
70
110
-
52
290
40
45
35
40
40
90
-
52
290
40
35
35
50
40
90
-
53
440
65
70
60
65
65
115
-
53
440
65
60
60
75
65
115
-
54
320
50
52
48
65
50
55
-
55
500
80
82
78
95
80
85
-
56
305
40
80
35
35
45
70
-
57
455
65
105
60
60
70
95
-
58
350
55
70
45
70
50
60
-
59
555
90
110
80
100
80
95
-
60
300
40
50
40
40
40
90
-
61
385
65
65
65
50
50
90
-
62
510
90
95
95
70
90
70
-
63
310
25
20
15
105
55
90
-
64
400
40
35
30
120
70
105
-
65
500
55
50
45
135
95
120
-
66
305
70
80
50
35
35
35
-
67
405
80
100
70
50
60
45
-
68
505
90
130
80
65
85
55
-
69
300
50
75
35
70
30
40
-
70
390
65
90
50
85
45
55
-
71
490
80
105
65
100
70
70
-
72
335
40
40
35
50
100
70
-
73
515
80
70
65
80
120
100
-
74
300
40
80
100
30
30
20
-
74
300
40
80
100
30
30
20
-
75
390
55
95
115
45
45
35
-
75
390
55
95
115
45
45
35
-
76
495
80
120
130
55
65
45
-
76
495
80
120
130
55
65
45
-
77
410
50
85
55
65
65
90
-
78
500
65
100
70
80
80
105
-
79
315
90
65
65
40
40
15
-
80
490
95
75
110
100
80
30
-
81
325
25
35
70
95
55
45
-
82
465
50
60
95
120
70
70
-
83
377
52
90
55
58
62
60
-
84
310
35
85
45
35
35
75
-
85
470
60
110
70
60
60
110
-
86
325
65
45
55
45
70
45
-
87
475
90
70
80
70
95
70
-
88
325
80
80
50
40
50
25
-
88
325
80
80
50
40
50
25
-
89
500
105
105
75
65
100
50
-
89
500
105
105
75
65
100
50
-
90
305
30
65
100
45
25
40
-
91
525
50
95
180
85
45
70
-
92
310
30
35
30
100
35
80
-
93
405
45
50
45
115
55
95
-
94
500
60
65
60
130
75
110
-
95
385
35
45
160
30
45
70
-
96
328
60
48
45
43
90
42
-
97
483
85
73
70
73
115
67
-
98
325
30
105
90
25
25
50
-
99
475
55
130
115
50
50
75
-
100
330
40
30
50
55
55
100
-
101
490
60
50
70
80
80
150
-
102
325
60
40
80
60
45
40
-
103
530
95
95
85
125
75
55
-
103
530
95
105
85
125
75
45
-
104
320
50
50
95
40
50
35
-
105
425
60
80
110
50
80
45
-
105
425
60
80
110
50
80
45
-
106
455
50
120
53
35
110
87
-
107
455
50
105
79
35
110
76
-
108
385
90
55
75
60
75
30
-
109
340
40
65
95
60
45
35
-
110
490
65
90
120
85
70
60
-
111
345
80
85
95
30
30
25
-
112
485
105
130
120
45
45
40
-
113
450
250
5
5
35
105
50
-
114
435
65
55
115
100
40
60
-
115
490
105
95
80
40
80
90
-
116
295
30
40
70
70
25
60
-
117
440
55
65
95
95
45
85
-
118
320
45
67
60
35
50
63
-
119
450
80
92
65
65
80
68
-
120
340
30
45
55
70
55
85
-
121
520
60
75
85
100
85
115
-
122
460
40
45
65
100
120
90
-
123
500
70
110
80
55
80
105
-
124
455
65
50
35
115
95
95
-
125
490
65
83
57
95
85
105
-
126
495
65
95
57
100
85
93
-
127
500
65
125
100
55
70
85
-
128
490
75
100
95
40
70
110
-
129
200
20
10
55
15
20
80
-
130
540
95
125
79
60
100
81
-
131
535
130
85
80
85
95
60
-
132
288
48
48
48
48
48
48
-
133
325
55
55
50
45
65
55
-
133
435
65
75
70
65
85
75
-
134
525
130
65
60
110
95
65
-
135
525
65
65
60
110
95
130
-
136
525
65
130
60
95
110
65
-
137
395
65
60
70
85
75
40
-
138
355
35
40
100
90
55
35
-
139
495
70
60
125
115
70
55
-
140
355
30
80
90
55
45
55
-
141
495
60
115
105
65
70
80
-
142
515
80
105
65
60
75
130
-
143
540
160
110
65
65
110
30
-
144
580
90
85
100
95
125
85
-
145
580
90
90
85
125
90
100
-
146
580
90
100
90
125
85
90
-
147
300
41
64
45
50
50
50
-
148
420
61
84
65
70
70
70
-
149
600
91
134
95
100
100
80
-
150
680
106
110
90
154
90
130
-
151
600
100
100
100
100
100
100
-
152
318
45
49
65
49
65
45
-
153
405
60
62
80
63
80
60
-
155
309
39
52
43
60
50
65
-
156
405
58
64
58
80
65
80
-
157
534
78
84
78
109
85
100
-
158
314
50
65
64
44
48
43
-
159
405
65
80
80
59
63
58
-
160
530
85
105
100
79
83
78
-
161
215
35
46
34
35
45
20
-
162
415
85
76
64
45
55
90
-
163
262
60
30
30
36
56
50
-
164
452
100
50
50
86
96
70
-
165
265
40
20
30
40
80
55
-
166
390
55
35
50
55
110
85
-
167
250
40
60
40
40
40
30
-
168
400
70
90
70
60
70
40
-
169
535
85
90
80
70
80
130
-
170
330
75
38
38
56
56
67
-
171
460
125
58
58
76
76
67
-
172
205
20
40
15
35
35
60
-
173
218
50
25
28
45
55
15
-
174
210
90
30
15
40
20
15
-
175
245
35
20
65
40
65
20
-
176
405
55
40
85
80
105
40
-
177
320
40
50
45
70
45
70
-
178
470
65
75
70
95
70
95
-
179
280
55
40
40
65
45
35
-
180
365
70
55
55
80
60
45
-
181
510
90
75
85
115
90
55
-
182
490
75
80
95
90
100
50
-
183
250
70
20
50
20
50
40
-
184
420
100
50
80
60
80
50
-
185
410
70
100
115
30
65
30
-
186
500
90
75
75
90
100
70
-
187
250
35
35
40
35
55
50
-
188
340
55
45
50
45
65
80
-
189
460
75
55
70
55
95
110
-
190
360
55
70
55
40
55
85
-
191
180
30
30
30
30
30
30
-
192
425
75
75
55
105
85
30
-
193
390
65
65
45
75
45
95
-
194
210
55
45
45
25
25
15
-
195
430
95
85
85
65
65
35
-
196
525
65
65
60
130
95
110
-
197
525
95
65
110
60
130
65
-
198
405
60
85
42
85
42
91
-
199
490
95
75
80
100
110
30
-
200
435
60
60
60
85
85
85
-
201
336
48
72
48
72
48
48
-
202
405
190
33
58
33
58
33
-
203
455
70
80
65
90
65
85
-
204
290
50
65
90
35
35
15
-
205
465
75
90
140
60
60
40
-
206
415
100
70
70
65
65
45
-
207
430
65
75
105
35
65
85
-
208
510
75
85
200
55
65
30
-
209
300
60
80
50
40
40
30
-
210
450
90
120
75
60
60
45
-
211
440
65
95
85
55
55
85
-
212
500
70
130
100
55
80
65
-
213
505
20
10
230
10
230
5
-
214
500
80
125
75
40
95
85
-
215
430
55
95
55
35
75
115
-
216
330
60
80
50
50
50
40
-
217
500
90
130
75
75
75
55
-
218
250
40
40
40
70
40
20
-
219
430
60
50
120
90
80
30
-
220
250
50
50
40
30
30
50
-
221
450
100
100
80
60
60
50
-
222
410
65
55
95
65
95
35
-
223
300
35
65
35
65
35
65
-
224
480
75
105
75
105
75
45
-
225
330
45
55
45
65
45
75
-
226
485
85
40
70
80
140
70
-
227
465
65
80
140
40
70
70
-
228
330
45
60
30
80
50
65
-
229
500
75
90
50
110
80
95
-
230
540
75
95
95
95
95
85
-
231
330
90
60
60
40
40
40
-
232
500
90
120
120
60
60
50
-
233
515
85
80
90
105
95
60
-
234
465
73
95
62
85
65
85
-
235
250
55
20
35
20
45
75
-
236
210
35
35
35
35
35
35
-
237
455
50
95
95
35
110
70
-
238
305
45
30
15
85
65
65
-
239
360
45
63
37
65
55
95
-
240
365
45
75
37
70
55
83
-
241
490
95
80
105
40
70
100
-
242
540
255
10
10
75
135
55
-
243
580
90
85
75
115
100
115
-
244
580
115
115
85
90
75
100
-
245
580
100
75
115
90
115
85
-
246
300
50
64
50
45
50
41
-
247
410
70
84
70
65
70
51
-
248
600
100
134
110
95
100
61
-
249
680
106
90
130
90
154
110
-
250
680
106
130
90
110
154
90
-
251
600
100
100
100
100
100
100
-
252
310
40
45
35
65
55
70
-
253
405
50
65
45
85
65
95
-
254
530
70
85
65
105
85
120
-
255
310
45
60
40
70
50
45
-
256
405
60
85
60
85
60
55
-
257
530
80
120
70
110
70
80
-
258
310
50
70
50
50
50
40
-
259
405
70
85
70
60
70
50
-
260
535
100
110
90
85
90
60
-
261
220
35
55
35
30
30
35
-
262
420
70
90
70
60
60
70
-
263
240
38
30
41
30
41
60
-
264
420
78
70
61
50
61
100
-
265
195
45
45
35
20
30
20
-
266
205
50
35
55
25
25
15
-
267
395
60
70
50
100
50
65
-
268
205
50
35
55
25
25
15
-
269
385
60
50
70
50
90
65
-
270
220
40
30
30
40
50
30
-
271
340
60
50
50
60
70
50
-
272
480
80
70
70
90
100
70
-
273
220
40
40
50
30
30
30
-
274
340
70
70
40
60
40
60
-
275
480
90
100
60
90
60
80
-
276
270
40
55
30
30
30
85
-
277
455
60
85
60
75
50
125
-
278
270
40
30
30
55
30
85
-
279
440
60
50
100
95
70
65
-
280
198
28
25
25
45
35
40
-
281
278
38
35
35
65
55
50
-
282
518
68
65
65
125
115
80
-
283
269
40
30
32
50
52
65
-
284
454
70
60
62
100
82
80
-
285
295
60
40
60
40
60
35
-
286
460
60
130
80
60
60
70
-
287
280
60
60
60
35
35
30
-
288
440
80
80
80
55
55
90
-
289
670
150
160
100
95
65
100
-
290
266
31
45
90
30
30
40
-
291
456
61
90
45
50
50
160
-
292
236
1
90
45
30
30
40
-
293
240
64
51
23
51
23
28
-
294
360
84
71
43
71
43
48
-
295
490
104
91
63
91
73
68
-
296
237
72
60
30
20
30
25
-
297
474
144
120
60
40
60
50
-
298
190
50
20
40
20
40
20
-
299
375
30
45
135
45
90
30
-
300
260
50
45
45
35
35
50
-
301
400
70
65
65
55
55
90
-
302
380
50
75
75
65
65
50
-
303
380
50
85
85
55
55
50
-
304
330
50
70
100
40
40
30
-
305
430
60
90
140
50
50
40
-
306
530
70
110
180
60
60
50
-
307
280
30
40
55
40
55
60
-
308
410
60
60
75
60
75
80
-
309
295
40
45
40
65
40
65
-
310
475
70
75
60
105
60
105
-
311
405
60
50
40
85
75
95
-
312
405
60
40
50
75
85
95
-
313
430
65
73
75
47
85
85
-
314
430
65
47
75
73
85
85
-
315
400
50
60
45
100
80
65
-
316
302
70
43
53
43
53
40
-
317
467
100
73
83
73
83
55
-
318
305
45
90
20
65
20
65
-
319
460
70
120
40
95
40
95
-
320
400
130
70
35
70
35
60
-
321
500
170
90
45
90
45
60
-
322
305
60
60
40
65
45
35
-
323
460
70
100
70
105
75
40
-
324
470
70
85
140
85
70
20
-
325
330
60
25
35
70
80
60
-
326
470
80
45
65
90
110
80
-
327
360
60
60
60
60
60
60
-
328
290
45
100
45
45
45
10
-
329
340
50
70
50
50
50
70
-
330
520
80
100
80
80
80
100
-
331
335
50
85
40
85
40
35
-
332
475
70
115
60
115
60
55
-
333
310
45
40
60
40
75
50
-
334
490
75
70
90
70
105
80
-
335
458
73
115
60
60
60
90
-
336
458
73
100
60
100
60
65
-
337
460
90
55
65
95
85
70
-
338
460
90
95
85
55
65
70
-
339
288
50
48
43
46
41
60
-
340
468
110
78
73
76
71
60
-
341
308
43
80
65
50
35
35
-
342
468
63
120
85
90
55
55
-
343
300
40
40
55
40
70
55
-
344
500
60
70
105
70
120
75
-
345
355
66
41
77
61
87
23
-
346
495
86
81
97
81
107
43
-
347
355
45
95
50
40
50
75
-
348
495
75
125
100
70
80
45
-
349
200
20
15
20
10
55
80
-
350
540
95
60
79
100
125
81
-
351
420
70
70
70
70
70
70
-
351
420
70
70
70
70
70
70
-
351
420
70
70
70
70
70
70
-
351
420
70
70
70
70
70
70
-
352
440
60
90
70
60
120
40
-
353
295
44
75
35
63
33
45
-
354
455
64
115
65
83
63
65
-
355
295
20
40
90
30
90
25
-
356
455
40
70
130
60
130
25
-
357
460
99
68
83
72
87
51
-
358
455
75
50
80
95
90
65
-
359
465
65
130
60
75
60
75
-
360
260
95
23
48
23
48
23
-
361
300
50
50
50
50
50
50
-
362
480
80
80
80
80
80
80
-
363
290
70
40
50
55
50
25
-
364
410
90
60
70
75
70
45
-
365
530
110
80
90
95
90
65
-
366
345
35
64
85
74
55
32
-
367
485
55
104
105
94
75
52
-
368
485
55
84
105
114
75
52
-
369
485
100
90
130
45
65
55
-
370
330
43
30
55
40
65
97
-
371
300
45
75
60
40
30
50
-
372
420
65
95
100
60
50
50
-
373
600
95
135
80
110
80
100
-
374
300
40
55
80
35
60
30
-
375
420
60
75
100
55
80
50
-
376
600
80
135
130
95
90
70
-
377
580
80
100
200
50
100
50
-
378
580
80
50
100
100
200
50
-
379
580
80
75
150
75
150
50
-
380
600
80
80
90
110
130
110
-
381
600
80
90
80
130
110
110
-
382
670
100
100
90
150
140
90
-
382
770
100
150
90
180
160
90
-
383
670
100
150
140
100
90
90
-
383
770
100
180
160
150
90
90
-
384
680
105
150
90
150
90
95
-
385
600
100
100
100
100
100
100
-
386
600
50
150
50
150
50
150
-
386
600
50
180
20
180
20
150
-
386
600
50
70
160
70
160
90
-
386
600
50
95
90
95
90
180
-
387
318
55
68
64
45
55
31
-
388
405
75
89
85
55
65
36
-
389
525
95
109
105
75
85
56
-
390
309
44
58
44
58
44
61
-
391
405
64
78
52
78
52
81
-
392
534
76
104
71
104
71
108
-
393
314
53
51
53
61
56
40
-
394
405
64
66
68
81
76
50
-
395
530
84
86
88
111
101
60
-
396
245
40
55
30
30
30
60
-
397
340
55
75
50
40
40
80
-
398
485
85
120
70
50
60
100
-
399
250
59
45
40
35
40
31
-
400
410
79
85
60
55
60
71
-
401
194
37
25
41
25
41
25
-
402
384
77
85
51
55
51
65
-
403
263
45
65
34
40
34
45
-
404
363
60
85
49
60
49
60
-
405
523
80
120
79
95
79
70
-
406
280
40
30
35
50
70
55
-
407
515
60
70
65
125
105
90
-
408
350
67
125
40
30
30
58
-
409
495
97
165
60
65
50
58
-
410
350
30
42
118
42
88
30
-
411
495
60
52
168
47
138
30
-
412
224
40
29
45
29
45
36
-
413
424
60
59
85
79
105
36
-
413
424
60
79
105
59
85
36
-
413
424
60
69
95
69
95
36
-
414
424
70
94
50
94
50
66
-
415
244
30
30
42
30
42
70
-
416
474
70
80
102
80
102
40
-
417
405
60
45
70
45
90
95
-
418
330
55
65
35
60
30
85
-
419
495
85
105
55
85
50
115
-
420
275
45
35
45
62
53
35
-
421
450
70
60
70
87
78
85
-
422
325
76
48
48
57
62
34
-
 
423
475
111
83
68
92
82
39
-
424
482
75
100
66
60
66
115
-
425
348
90
50
34
60
44
70
-
426
498
150
80
44
90
54
80
-
427
350
55
66
44
44
56
85
-
428
480
65
76
84
54
96
105
-
429
495
60
60
60
105
105
105
-
430
505
100
125
52
105
52
71
-
431
310
49
55
42
42
37
85
-
432
452
71
82
64
64
59
112
-
433
285
45
30
50
65
50
45
-
434
329
63
63
47
41
41
74
-
435
479
103
93
67
71
61
84
-
436
300
57
24
86
24
86
23
-
437
500
67
89
116
79
116
33
-
438
290
50
80
95
10
45
10
-
439
310
20
25
45
70
90
60
-
440
220
100
5
5
15
65
30
-
441
411
76
65
45
92
42
91
-
442
485
50
92
108
92
108
35
-
443
300
58
70
45
40
45
42
-
444
410
68
90
65
50
55
82
-
445
600
108
130
95
80
85
102
-
446
390
135
85
40
40
85
5
-
447
285
40
70
40
35
40
60
-
448
525
70
110
70
115
70
90
-
449
330
68
72
78
38
42
32
-
450
525
108
112
118
68
72
47
-
451
330
40
50
90
30
55
65
-
452
500
70
90
110
60
75
95
-
453
300
48
61
40
61
40
50
-
454
490
83
106
65
86
65
85
-
455
454
74
100
72
90
72
46
-
456
330
49
49
56
49
61
66
-
457
460
69
69
76
69
86
91
-
458
345
45
20
50
60
120
50
-
459
334
60
62
50
62
60
40
-
460
494
90
92
75
92
85
60
-
461
510
70
120
65
45
85
125
-
462
535
70
70
115
130
90
60
-
463
515
110
85
95
80
95
50
-
464
535
115
140
130
55
55
40
-
465
535
100
100
125
110
50
50
-
466
540
75
123
67
95
85
95
-
467
540
75
95
67
125
95
83
-
468
545
85
50
95
120
115
80
-
470
525
65
110
130
60
65
95
-
471
525
65
60
110
130
95
65
-
472
510
75
95
125
45
75
95
-
473
530
110
130
80
70
60
80
-
474
535
85
80
70
135
75
90
-
475
518
68
125
65
65
115
80
-
476
525
60
55
145
75
150
40
-
477
525
45
100
135
65
135
45
-
478
480
70
80
70
80
70
110
-
479
440
50
50
77
95
77
91
-
479
520
50
65
107
105
107
86
-
479
520
50
65
107
105
107
86
-
479
520
50
65
107
105
107
86
-
479
520
50
65
107
105
107
86
-
479
520
50
65
107
105
107
86
-
480
580
75
75
130
75
130
95
-
481
580
80
105
105
105
105
80
-
482
580
75
125
70
125
70
115
-
483
680
100
120
120
150
100
90
-
484
680
90
120
100
150
120
100
-
485
600
91
90
106
130
106
77
-
486
670
110
160
110
80
110
100
-
487
680
150
100
120
100
120
90
-
487
680
150
120
100
120
100
90
-
488
600
120
70
120
75
130
85
-
489
480
80
80
80
80
80
80
-
490
600
100
100
100
100
100
100
-
491
600
70
90
90
135
90
125
-
492
600
100
100
100
100
100
100
-
492
600
100
103
75
120
75
127
-
493
720
120
120
120
120
120
120
-
494
600
100
100
100
100
100
100
-
495
308
45
45
55
45
55
63
-
496
413
60
60
75
60
75
83
-
497
528
75
75
95
75
95
113
-
498
308
65
63
45
45
45
45
-
499
418
90
93
55
70
55
55
-
500
528
110
123
65
100
65
65
-
501
308
55
55
45
63
45
45
-
502
413
75
75
60
83
60
60
-
503
528
95
100
85
108
70
70
-
504
255
45
55
39
35
39
42
-
505
420
60
85
69
60
69
77
-
506
275
45
60
45
25
45
55
-
507
370
65
80
65
35
65
60
-
508
500
85
110
90
45
90
80
-
509
281
41
50
37
50
37
66
-
510
446
64
88
50
88
50
106
-
511
316
50
53
48
53
48
64
-
512
498
75
98
63
98
63
101
-
513
316
50
53
48
53
48
64
-
514
498
75
98
63
98
63
101
-
515
316
50
53
48
53
48
64
-
516
498
75
98
63
98
63
101
-
517
292
76
25
45
67
55
24
-
518
487
116
55
85
107
95
29
-
519
264
50
55
50
36
30
43
-
520
358
62
77
62
50
42
65
-
521
488
80
115
80
65
55
93
-
522
295
45
60
32
50
32
76
-
523
497
75
100
63
80
63
116
-
524
280
55
75
85
25
25
15
-
525
390
70
105
105
50
40
20
-
526
515
85
135
130
60
80
25
-
527
323
65
45
43
55
43
72
-
528
425
67
57
55
77
55
114
-
529
328
60
85
40
30
45
68
-
530
508
110
135
60
50
65
88
-
531
445
103
60
86
60
86
50
-
532
305
75
80
55
25
35
35
-
533
405
85
105
85
40
50
40
-
534
505
105
140
95
55
65
45
-
535
294
50
50
40
50
40
64
-
536
384
75
65
55
65
55
69
-
537
509
105
95
75
85
75
74
-
538
465
120
100
85
30
85
45
-
539
465
75
125
75
30
75
85
-
540
310
45
53
70
40
60
42
-
541
380
55
63
90
50
80
42
-
542
500
75
103
80
70
80
92
-
543
260
30
45
59
30
39
57
-
544
360
40
55
99
40
79
47
-
545
485
60
100
89
55
69
112
-
546
280
40
27
60
37
50
66
-
547
480
60
67
85
77
75
116
-
548
280
45
35
50
70
50
30
-
549
480
70
60
75
110
75
90
-
550
460
70
92
65
80
55
98
-
550
460
70
92
65
80
55
98
-
551
292
50
72
35
35
35
65
-
552
351
60
82
45
45
45
74
-
553
519
95
117
80
65
70
92
-
554
315
70
90
45
15
45
50
-
555
480
105
140
55
30
55
95
-
555
540
105
30
105
140
105
55
-
556
461
75
86
67
106
67
60
-
557
325
50
65
85
35
35
55
-
558
485
70
105
125
65
75
45
-
559
348
50
75
70
35
70
48
-
560
488
65
90
115
45
115
58
-
561
490
72
58
80
103
80
97
-
562
303
38
30
85
55
65
30
-
563
483
58
50
145
95
105
30
-
564
355
54
78
103
53
45
22
-
565
495
74
108
133
83
65
32
-
566
401
55
112
45
74
45
70
-
567
567
75
140
65
112
65
110
-
568
329
50
50
62
40
62
65
-
569
474
80
95
82
60
82
75
-
570
330
40
65
40
80
40
65
-
571
510
60
105
60
120
60
105
-
572
300
55
50
40
40
40
75
-
573
470
75
95
60
65
60
115
-
574
290
45
30
50
55
65
45
-
575
390
60
45
70
75
85
55
-
576
490
70
55
95
95
110
65
-
577
290
45
30
40
105
50
20
-
578
370
65
40
50
125
60
30
-
579
490
110
65
75
125
85
30
-
580
305
62
44
50
44
50
55
-
581
473
75
87
63
87
63
98
-
582
305
36
50
50
65
60
44
-
583
395
51
65
65
80
75
59
-
584
535
71
95
85
110
95
79
-
585
335
60
60
50
40
50
75
-
586
475
80
100
70
60
70
95
-
587
428
55
75
60
75
60
103
-
588
315
50
75
45
40
45
60
-
589
495
70
135
105
60
105
20
-
590
294
69
55
45
55
55
15
-
591
464
114
85
70
85
80
30
-
592
335
55
40
50
65
85
40
-
593
480
100
60
70
85
105
60
-
594
470
165
75
80
40
45
65
-
595
319
50
47
50
57
50
65
-
596
472
70
77
60
97
60
108
-
597
305
44
50
91
24
86
10
-
598
489
74
94
131
54
116
20
-
599
300
40
55
70
45
60
30
-
600
440
60
80
95
70
85
50
-
601
520
60
100
115
70
85
90
-
602
275
35
55
40
45
40
60
-
603
405
65
85
70
75
70
40
-
604
515
85
115
80
105
80
50
-
605
335
55
55
55
85
55
30
-
606
485
75
75
75
125
95
40
-
 
607
275
50
30
55
65
55
20
-
608
370
60
40
60
95
60
55
-
609
520
60
55
90
145
90
80
-
610
320
46
87
60
30
40
57
-
611
410
66
117
70
40
50
67
-
612
540
76
147
90
60
70
97
-
613
305
55
70
40
60
40
40
-
614
505
95
130
80
70
80
50
-
615
515
80
50
50
95
135
105
-
616
305
50
40
85
40
65
25
-
617
495
80
70
40
100
60
145
-
618
471
109
66
84
81
99
32
-
619
350
45
85
50
55
50
65
-
620
510
65
125
60
95
60
105
-
621
485
77
120
90
60
90
48
-
622
303
59
74
50
35
50
35
-
623
483
89
124
80
55
80
55
-
624
340
45
85
70
40
40
60
-
625
490
65
125
100
60
70
70
-
626
490
95
110
95
40
95
55
-
627
350
70
83
50
37
50
60
-
628
510
100
123
75
57
75
80
-
629
370
70
55
75
45
65
60
-
630
510
110
65
105
55
95
80
-
631
484
85
97
66
105
66
65
-
632
484
58
109
112
48
48
109
-
633
300
52
65
50
45
50
38
-
634
420
72
85
70
65
70
58
-
635
600
92
105
90
125
90
98
-
636
360
55
85
55
50
55
60
-
637
550
85
60
65
135
105
100
-
638
580
91
90
129
90
72
108
-
639
580
91
129
90
72
90
108
-
640
580
91
90
72
90
129
108
-
641
580
79
115
70
125
80
111
-
641
580
79
100
80
110
90
121
-
642
580
79
115
70
125
80
111
-
642
580
79
105
70
145
80
101
-
643
680
100
120
100
150
120
90
-
644
680
100
150
120
120
100
90
-
645
600
89
125
90
115
80
101
-
645
600
89
145
90
105
80
91
-
646
660
125
130
90
130
90
95
-
646
700
125
170
100
120
90
95
-
646
700
125
120
90
170
100
95
-
647
580
91
72
90
129
90
108
-
647
580
91
72
90
129
90
108
-
648
600
100
77
77
128
128
90
-
648
600
100
128
90
77
77
128
-
649
600
71
120
95
120
95
99
-
650
313
56
61
65
48
45
38
-
651
405
61
78
95
56
58
57
-
652
530
88
107
122
74
75
64
-
653
307
40
45
40
62
60
60
-
654
409
59
59
58
90
70
73
-
655
534
75
69
72
114
100
104
-
656
314
41
56
40
62
44
71
-
657
405
54
63
52
83
56
97
-
658
530
72
95
67
103
71
122
-
658
640
72
145
67
153
71
132
-
659
237
38
36
38
32
36
57
-
660
423
85
56
77
50
77
78
-
661
278
45
50
43
40
38
62
-
662
382
62
73
55
56
52
84
-
663
499
78
81
71
74
69
126
-
664
200
38
35
40
27
25
35
-
665
213
45
22
60
27
30
29
-
666
411
80
52
50
90
50
89
-
667
369
62
50
58
73
54
72
-
668
507
86
68
72
109
66
106
-
669
303
44
38
39
61
79
42
-
670
371
54
45
47
75
98
52
-
671
552
78
65
68
112
154
75
-
672
350
66
65
48
62
57
52
-
673
531
123
100
62
97
81
68
-
674
348
67
82
62
46
48
43
-
675
495
95
124
78
69
71
58
-
676
472
75
80
60
65
90
102
-
677
355
62
48
54
63
60
68
-
678
466
74
48
76
83
81
104
-
678
466
74
48
76
83
81
104
-
679
325
45
80
100
35
37
28
-
680
448
59
110
150
45
49
35
-
681
520
60
150
50
150
50
60
-
681
520
60
50
150
50
150
60
-
682
341
78
52
60
63
65
23
-
683
462
101
72
72
99
89
29
-
684
341
62
48
66
59
57
49
-
685
480
82
80
86
85
75
72
-
686
288
53
54
53
37
46
45
-
687
482
86
92
88
68
75
73
-
688
306
42
52
67
39
56
50
-
689
500
72
105
115
54
86
68
-
690
320
50
60
60
60
60
30
-
691
494
65
75
90
97
123
44
-
692
330
50
53
62
58
63
44
-
693
500
71
73
88
120
89
59
-
694
289
44
38
33
61
43
70
-
695
481
62
55
52
109
94
109
-
696
362
58
89
77
45
45
48
-
697
521
82
121
119
69
59
71
-
698
362
77
59
50
67
63
46
-
699
521
123
77
72
99
92
58
-
700
525
95
65
65
110
130
60
-
701
500
78
92
75
74
63
118
-
702
431
67
58
57
81
67
101
-
703
500
50
50
150
50
150
50
-
704
300
45
50
35
55
75
40
-
705
452
68
75
53
83
113
60
-
706
600
90
100
70
110
150
80
-
707
470
57
80
91
80
87
75
-
708
309
43
70
48
50
60
38
-
709
474
85
110
76
65
82
56
-
710
335
49
66
70
44
55
51
-
710
335
44
66
70
44
55
56
-
710
335
54
66
70
44
55
46
-
710
335
59
66
70
44
55
41
-
711
494
65
90
122
58
75
84
-
711
494
55
85
122
58
75
99
-
711
494
75
95
122
58
75
69
-
711
494
85
100
122
58
75
54
-
712
304
55
69
85
32
35
28
-
713
514
95
117
184
44
46
28
-
714
245
40
30
35
45
40
55
-
715
535
85
70
80
97
80
123
-
716
680
126
131
95
131
98
99
-
717
680
126
131
95
131
98
99
-
718
600
108
100
121
81
95
95
-
718
486
54
100
71
61
85
115
-
718
708
216
100
121
91
95
85
-
719
600
50
100
150
100
150
50
-
720
600
80
110
60
150
130
70
-
720
680
80
160
60
170
130
80
-
721
600
80
110
120
130
90
70
-
722
320
68
55
55
50
50
42
-
723
420
78
75
75
70
70
52
-
724
530
78
107
75
100
100
70
-
725
320
45
65
40
60
40
70
-
726
420
65
85
50
80
50
90
-
727
530
95
115
90
80
90
60
-
728
320
50
54
54
66
56
40
-
729
420
60
69
69
91
81
50
-
730
530
80
74
74
126
116
60
-
731
265
35
75
30
30
30
65
-
732
355
55
85
50
40
50
75
-
733
485
80
120
75
75
75
60
-
734
253
48
70
30
30
30
45
-
735
418
88
110
60
55
60
45
-
736
300
47
62
45
55
45
46
-
737
400
57
82
95
55
75
36
-
738
500
77
70
90
145
75
43
-
739
338
47
82
57
42
47
63
-
740
478
97
132
77
62
67
43
-
741
476
75
70
70
98
70
93
-
741
476
75
70
70
98
70
93
-
741
476
75
70
70
98
70
93
-
741
476
75
70
70
98
70
93
-
742
304
40
45
40
55
40
84
-
743
464
60
55
60
95
70
124
-
744
280
45
65
40
30
40
60
-
744
280
45
65
40
30
40
60
-
745
487
75
115
65
55
65
112
-
745
487
85
115
75
55
75
82
-
745
487
75
117
65
55
65
110
-
746
175
45
20
20
25
25
40
-
746
620
45
140
130
140
135
30
-
747
305
50
53
62
43
52
45
-
748
495
50
63
152
53
142
35
-
749
385
70
100
70
45
55
45
-
750
500
100
125
100
55
85
35
-
751
269
38
40
52
40
72
27
-
752
454
68
70
92
50
132
42
-
753
250
40
55
35
50
35
35
-
754
480
70
105
90
80
90
45
-
755
285
40
35
55
65
75
15
-
756
405
60
45
80
90
100
30
-
757
320
48
44
40
71
40
77
-
758
480
68
64
60
111
60
117
-
759
340
70
75
50
45
50
50
-
760
500
120
125
80
55
60
60
-
761
210
42
30
38
30
38
32
-
762
290
52
40
48
40
48
62
-
763
510
72
120
98
50
98
72
-
764
485
51
52
90
82
110
100
-
765
490
90
60
80
90
110
60
-
766
490
100
120
90
40
60
80
-
767
230
25
35
40
20
30
80
-
768
530
75
125
140
60
90
40
-
769
320
55
55
80
70
45
15
-
770
480
85
75
110
100
75
35
-
771
410
55
60
130
30
130
5
-
772
534
95
95
95
95
95
59
-
773
570
95
95
95
95
95
95
-
774
440
60
60
100
60
100
60
-
774
500
60
100
60
100
60
120
-
775
480
65
115
65
75
95
65
-
776
485
60
78
135
91
85
36
-
777
435
65
98
63
40
73
96
-
778
476
55
90
80
50
105
96
-
779
475
68
105
70
70
70
92
-
780
485
78
60
85
135
91
36
-
781
517
70
131
100
86
90
40
-
782
300
45
55
65
45
45
45
-
783
420
55
75
90
65
70
65
-
784
600
75
110
125
100
105
85
-
785
570
70
115
85
95
75
130
-
786
570
70
85
75
130
115
95
-
787
570
70
130
115
85
95
75
-
788
570
70
75
115
95
130
85
-
789
200
43
29
31
29
31
37
-
790
400
43
29
131
29
131
37
-
791
680
137
137
107
113
89
97
-
792
680
137
113
89
137
107
97
-
793
570
109
53
47
127
131
103
-
794
570
107
139
139
53
53
79
-
795
570
71
137
37
137
37
151
-
796
570
83
89
71
173
71
83
-
797
570
97
101
103
107
101
61
-
798
570
59
181
131
59
31
109
-
799
570
223
101
53
97
53
43
-
800
600
97
107
101
127
89
79
-
800
680
97
157
127
113
109
77
-
800
680
97
113
109
157
127
77
-
800
754
97
167
97
167
97
129
-
801
600
80
95
115
130
115
65
-
802
600
90
125
80
90
90
125
-
803
420
67
73
67
73
67
73
-
804
540
73
73
73
127
73
121
-
805
570
61
131
211
53
101
13
-
806
570
53
127
53
151
79
107
-
807
600
88
112
75
102
80
143
-
808
300
46
65
65
55
35
34
-
809
600
135
143
143
80
65
34
-
