1
2
3
~
4
5
6
~
7
8
9
~
10
11
12
~
13
14
15
~
16
17
18
~
19
20
19
20
~
21
22
~
23
24
~
172
25
26
26
~
27
28
27
28
~
29
30
31
~
32
33
34
~
173
35
36
~
37
38
37
38
~
174
39
40
~
41
42
169
~
43
44
45
182
~
46
47
~
48
49
~
50
51
50
51
~
52
53
52
53
~
54
55
~
56
57
~
58
59
~
60
61
62
186
~
63
64
65
~
66
67
68
~
69
70
71
~
72
73
~
74
75
76
74
75
76
~
77
78
~
79
80
199
~
81
82
462
~
84
85
~
86
87
~
88
89
88
89
~
90
91
~
92
93
94
~
95
208
~
96
97
~
98
99
~
100
101
~
102
103
103
~
104
105
105
~
236
106
107
237
~
108
463
~
109
110
~
111
112
464
~
440
113
242
~
114
465
~
116
117
230
~
118
119
~
120
121
~
439
122
~
123
212
~
238
124
~
239
125
466
~
240
126
467
~
129
130
~
133
134
135
136
133
196
197
133
470
471
133
700
~
137
233
474
~
138
139
~
140
141
~
446
143
~
147
148
149
~
152
153
154
~
155
156
157
~
158
159
160
~
161
162
~
163
164
~
165
166
~
167
168
~
170
171
~
175
176
468
~
177
178
~
179
180
181
~
298
183
184
~
438
185
~
187
188
189
~
190
424
~
191
192
~
193
469
~
194
195
~
198
430
~
200
429
~
360
202
~
204
205
~
207
472
~
209
210
~
215
461
~
216
217
~
218
219
~
220
221
473
~
223
224
~
458
226
~
228
229
~
231
232
~
246
247
248
~
252
253
254
~
255
256
257
~
258
259
260
~
261
262
~
263
264
~
265
266
267
268
269
~
270
271
272
~
273
274
275
~
276
277
~
278
279
~
280
281
282
475
~
283
284
~
285
286
~
287
288
289
~
290
291
291
292
~
293
294
295
~
296
297
~
299
476
~
300
301
~
304
305
306
~
307
308
~
309
310
~
406
315
407
~
316
317
~
318
319
~
320
321
~
322
323
~
325
326
~
328
329
330
~
331
332
~
333
334
~
339
340
~
341
342
~
343
344
~
345
346
~
347
348
~
349
350
~
353
354
~
355
356
477
~
433
358
~
361
362
478
~
363
364
365
~
366
367
368
~
371
372
373
~
374
375
376
~
387
388
389
~
390
391
392
~
393
394
395
~
396
397
398
~
399
400
~
401
402
~
403
404
405
~
408
409
~
410
411
~
412
414
412
413
413
413
~
415
416
~
418
419
~
420
421
~
422
423
~
425
426
~
427
428
~
431
432
~
434
435
~
436
437
~
443
444
445
~
447
448
~
449
450
~
451
452
~
453
454
~
456
457
~
459
460
~
495
496
497
~
498
499
500
~
501
502
503
~
504
505
~
506
507
508
~
509
510
~
511
512
~
513
514
~
515
516
~
517
518
~
519
520
521
~
522
523
~
524
525
526
~
527
528
~
529
530
~
532
533
534
~
535
536
537
~
540
541
542
~
543
544
545
~
546
547
~
548
549
~
551
552
553
~
554
555
~
557
558
~
559
560
~
562
563
~
564
565
~
566
567
~
568
569
~
570
571
~
572
573
~
574
575
576
~
577
578
579
~
580
581
~
582
583
584
~
585
586
~
588
589
~
590
591
~
592
593
~
595
596
~
597
598
~
599
600
601
~
602
603
604
~
605
606
~
607
608
609
~
610
611
612
~
613
614
~
616
617
~
619
620
~
622
623
~
624
625
~
627
628
~
629
630
~
633
634
635
~
636
637
~
650
651
652
~
653
654
655
~
656
657
658
~
659
660
~
661
662
663
~
664
665
666
~
667
668
~
669
670
671
~
672
673
~
674
675
~
677
678
~
679
680
681
~
682
683
~
684
685
~
686
687
~
688
689
~
690
691
~
692
693
~
694
695
~
696
697
~
698
699
~
704
705
706
~
708
709
~
710
711
~
712
713
~
714
715
~
722
723
724
~
725
726
727
~
728
729
730
~
731
732
733
~
734
735
~
736
737
738
~
739
740
~
742
743
~
744
745
745
744
745
~
747
748
~
749
750
~
751
752
~
753
754
~
755
756
~
757
758
~
759
760
~
761
762
763
~
767
768
~
769
770
~
772
773
~
782
783
784
~
789
790
791
792
~
803
804
~
808
809
~
